Polygonization
34 1736
42 1084
94 378
236 464
414 194
180 626
1356 56
740 652
782 946
1246 322
1472 68
1122 852
1426 698
1158 1358
1646 542
1150 1502
1072 1154
400 1188
598 546
48 1316
130 1682
1056 1528
1068 1578
852 1726
1172 1598
1384 1530
1576 1468
1746 1236
1624 1486
1196 1772
34 1736<----42 1084
42 1084<----94 378
94 378<----236 464
236 464<----414 194
414 194<----180 626
180 626<----1356 56
1356 56<----740 652
740 652<----782 946
782 946<----1246 322
1246 322<----1472 68
1472 68<----1122 852
1122 852<----1426 698
1426 698<----1158 1358
1158 1358<----1646 542
1646 542<----1150 1502
1150 1502<----1072 1154
1072 1154<----400 1188
400 1188<----598 546
598 546<----48 1316
48 1316<----130 1682
130 1682<----1056 1528
1056 1528<----1068 1578
1068 1578<----852 1726
852 1726<----1172 1598
1172 1598<----1384 1530
1384 1530<----1576 1468
1576 1468<----1746 1236
1746 1236<----1624 1486
1624 1486<----1196 1772
1196 1772<----34 1736
Algorithm: convex_hull edge selection 1
Calculated area: 1.09804e+06
ratio: 2.27103
ratio: 0.440329
