Polygonization
109988 72596
109990 27784
110052 1854
111386 1630
110504 3876
110940 4134
110900 12354
111444 19232
111586 24038
111782 8348
111678 70094
111628 54224
111616 57122
111584 35674
111326 19966
111524 89524
110744 31176
111008 72480
111046 67238
111126 76836
111268 82214
111014 94206
110874 98560
110668 31130
110650 32174
110546 70582
110420 93996
110514 105226
110736 75956
110868 105988
111682 95978
111832 8714
111846 25898
111882 4670
111850 32936
112110 12740
111938 57806
112258 58958
112270 14680
112316 24192
112288 91030
112282 85410
112258 71746
111694 96862
111426 102504
112038 93038
111728 103500
112062 94212
111710 104156
111916 105846
111786 109946
112112 113832
112542 74098
112640 27948
112732 17128
113186 8724
113088 33422
113042 53032
112982 102392
113086 64454
113178 38654
113240 68758
113426 1610
113444 90714
113464 53824
113624 76062
113664 45102
113722 32548
113808 4458
116312 2060
117154 868
117992 1854
118170 34434
117586 4286
116368 4516
115992 17276
114660 12646
115022 23740
117216 14042
116114 23652
116776 28476
115762 42028
115810 42058
115466 42692
116018 45232
116340 71226
116516 59620
117330 19626
116882 67846
117050 50740
117458 32810
117276 52968
116998 62586
117584 65234
116676 83728
116410 67474
116478 112734
117358 82108
117610 95908
117736 29696
117936 32412
118062 70512
118088 53470
118132 74030
118222 63738
118332 16972
118742 23912
118570 39488
119058 8274
119788 13334
119312 14742
119250 69340
119146 40336
118934 60794
118324 62434
118730 75748
118816 79668
119588 62846
119076 84404
119182 91194
119662 76542
119802 49360
119888 72174
119960 87012
119904 88960
119624 102360
119240 105832
118072 101932
117636 99222
117408 116330
117070 95454
117424 117328
119166 118266
117132 118756
116918 118352
116436 116720
116154 99734
115604 61434
115512 50600
115980 106434
115300 38714
115868 105558
115612 84674
115630 96282
115378 69140
115208 34988
115282 94400
115172 80760
114476 16320
114806 84596
115062 88076
114660 100150
114440 66140
114224 65568
114066 43190
113834 37928
113784 74832
113842 67488
113640 101698
113610 106284
114094 80174
113822 101598
114458 116912
113444 118734
113328 113628
113276 111714
112998 112158
112976 105392
112886 112576
112788 91772
112770 85186
112730 69650
112612 90396
112450 113628
112624 116024
111998 116292
110448 119150
110218 75604
110110 47458
110032 44312
109988 72596<----109990 27784
109990 27784<----110052 1854
110052 1854<----111386 1630
111386 1630<----110504 3876
110504 3876<----110940 4134
110940 4134<----110900 12354
110900 12354<----111444 19232
111444 19232<----111586 24038
111586 24038<----111782 8348
111782 8348<----111678 70094
111678 70094<----111628 54224
111628 54224<----111616 57122
111616 57122<----111584 35674
111584 35674<----111326 19966
111326 19966<----111524 89524
111524 89524<----110744 31176
110744 31176<----111008 72480
111008 72480<----111046 67238
111046 67238<----111126 76836
111126 76836<----111268 82214
111268 82214<----111014 94206
111014 94206<----110874 98560
110874 98560<----110668 31130
110668 31130<----110650 32174
110650 32174<----110546 70582
110546 70582<----110420 93996
110420 93996<----110514 105226
110514 105226<----110736 75956
110736 75956<----110868 105988
110868 105988<----111682 95978
111682 95978<----111832 8714
111832 8714<----111846 25898
111846 25898<----111882 4670
111882 4670<----111850 32936
111850 32936<----112110 12740
112110 12740<----111938 57806
111938 57806<----112258 58958
112258 58958<----112270 14680
112270 14680<----112316 24192
112316 24192<----112288 91030
112288 91030<----112282 85410
112282 85410<----112258 71746
112258 71746<----111694 96862
111694 96862<----111426 102504
111426 102504<----112038 93038
112038 93038<----111728 103500
111728 103500<----112062 94212
112062 94212<----111710 104156
111710 104156<----111916 105846
111916 105846<----111786 109946
111786 109946<----112112 113832
112112 113832<----112542 74098
112542 74098<----112640 27948
112640 27948<----112732 17128
112732 17128<----113186 8724
113186 8724<----113088 33422
113088 33422<----113042 53032
113042 53032<----112982 102392
112982 102392<----113086 64454
113086 64454<----113178 38654
113178 38654<----113240 68758
113240 68758<----113426 1610
113426 1610<----113444 90714
113444 90714<----113464 53824
113464 53824<----113624 76062
113624 76062<----113664 45102
113664 45102<----113722 32548
113722 32548<----113808 4458
113808 4458<----116312 2060
116312 2060<----117154 868
117154 868<----117992 1854
117992 1854<----118170 34434
118170 34434<----117586 4286
117586 4286<----116368 4516
116368 4516<----115992 17276
115992 17276<----114660 12646
114660 12646<----115022 23740
115022 23740<----117216 14042
117216 14042<----116114 23652
116114 23652<----116776 28476
116776 28476<----115762 42028
115762 42028<----115810 42058
115810 42058<----115466 42692
115466 42692<----116018 45232
116018 45232<----116340 71226
116340 71226<----116516 59620
116516 59620<----117330 19626
117330 19626<----116882 67846
116882 67846<----117050 50740
117050 50740<----117458 32810
117458 32810<----117276 52968
117276 52968<----116998 62586
116998 62586<----117584 65234
117584 65234<----116676 83728
116676 83728<----116410 67474
116410 67474<----116478 112734
116478 112734<----117358 82108
117358 82108<----117610 95908
117610 95908<----117736 29696
117736 29696<----117936 32412
117936 32412<----118062 70512
118062 70512<----118088 53470
118088 53470<----118132 74030
118132 74030<----118222 63738
118222 63738<----118332 16972
118332 16972<----118742 23912
118742 23912<----118570 39488
118570 39488<----119058 8274
119058 8274<----119788 13334
119788 13334<----119312 14742
119312 14742<----119250 69340
119250 69340<----119146 40336
119146 40336<----118934 60794
118934 60794<----118324 62434
118324 62434<----118730 75748
118730 75748<----118816 79668
118816 79668<----119588 62846
119588 62846<----119076 84404
119076 84404<----119182 91194
119182 91194<----119662 76542
119662 76542<----119802 49360
119802 49360<----119888 72174
119888 72174<----119960 87012
119960 87012<----119904 88960
119904 88960<----119624 102360
119624 102360<----119240 105832
119240 105832<----118072 101932
118072 101932<----117636 99222
117636 99222<----117408 116330
117408 116330<----117070 95454
117070 95454<----117424 117328
117424 117328<----119166 118266
119166 118266<----117132 118756
117132 118756<----116918 118352
116918 118352<----116436 116720
116436 116720<----116154 99734
116154 99734<----115604 61434
115604 61434<----115512 50600
115512 50600<----115980 106434
115980 106434<----115300 38714
115300 38714<----115868 105558
115868 105558<----115612 84674
115612 84674<----115630 96282
115630 96282<----115378 69140
115378 69140<----115208 34988
115208 34988<----115282 94400
115282 94400<----115172 80760
115172 80760<----114476 16320
114476 16320<----114806 84596
114806 84596<----115062 88076
115062 88076<----114660 100150
114660 100150<----114440 66140
114440 66140<----114224 65568
114224 65568<----114066 43190
114066 43190<----113834 37928
113834 37928<----113784 74832
113784 74832<----113842 67488
113842 67488<----113640 101698
113640 101698<----113610 106284
113610 106284<----114094 80174
114094 80174<----113822 101598
113822 101598<----114458 116912
114458 116912<----113444 118734
113444 118734<----113328 113628
113328 113628<----113276 111714
113276 111714<----112998 112158
112998 112158<----112976 105392
112976 105392<----112886 112576
112886 112576<----112788 91772
112788 91772<----112770 85186
112770 85186<----112730 69650
112730 69650<----112612 90396
112612 90396<----112450 113628
112450 113628<----112624 116024
112624 116024<----111998 116292
111998 116292<----110448 119150
110448 119150<----110218 75604
110218 75604<----110110 47458
110110 47458<----110032 44312
110032 44312<----109988 72596
Algorithm: incremental edge selection 1 initialization 1
Calculated area 6.08078e+08
ratio: 0.538613
